42
NULL 0 Common 0
Joined 7 0,255,0,255,0,0,0,0,0,0 Latin 1 0 1 Joined	# Joined [4a 6f 69 6e 65 64 ]a
|Broken|0|1 15 0,255,0,255,0,0,0,0,0,0 Common 2 10 2 |Broken|0|1	# Broken
国 1 0,255,0,255,0,0,0,0,0,0 Han 3 0 3 国	# 国 [56fd ]x
D 5 0,255,0,255,0,0,0,0,0,0 Latin 4 0 4 D	# D [44 ]A
. 16 0,255,0,255,0,0,0,0,0,0 Common 5 6 5 .	# . [2e ]p
2 8 0,255,0,255,0,0,0,0,0,0 Common 6 2 6 2	# 2 [32 ]0
7 8 0,255,0,255,0,0,0,0,0,0 Common 7 2 7 7	# 7 [37 ]0
C 5 0,255,0,255,0,0,0,0,0,0 Latin 8 0 8 C	# C [43 ]A
3 8 0,255,0,255,0,0,0,0,0,0 Common 9 2 9 3	# 3 [33 ]0
B 5 0,255,0,255,0,0,0,0,0,0 Latin 10 0 10 B	# B [42 ]A
4 8 0,255,0,255,0,0,0,0,0,0 Common 11 2 11 4	# 4 [34 ]0
E 5 0,255,0,255,0,0,0,0,0,0 Latin 12 0 12 E	# E [45 ]A
8 8 0,255,0,255,0,0,0,0,0,0 Common 13 2 13 8	# 8 [38 ]0
A 5 0,255,0,255,0,0,0,0,0,0 Latin 41 0 14 A	# A [41 ]A
F 5 0,255,0,255,0,0,0,0,0,0 Latin 15 0 15 F	# F [46 ]A
G 5 0,255,0,255,0,0,0,0,0,0 Latin 16 0 16 G	# G [47 ]A
H 5 0,255,0,255,0,0,0,0,0,0 Latin 17 0 17 H	# H [48 ]A
I 5 0,255,0,255,0,0,0,0,0,0 Latin 18 0 18 I	# I [49 ]A
J 5 0,255,0,255,0,0,0,0,0,0 Latin 19 0 19 J	# J [4a ]A
K 5 0,255,0,255,0,0,0,0,0,0 Latin 20 0 20 K	# K [4b ]A
L 5 0,255,0,255,0,0,0,0,0,0 Latin 21 0 21 L	# L [4c ]A
M 5 0,255,0,255,0,0,0,0,0,0 Latin 22 0 22 M	# M [4d ]A
N 5 0,255,0,255,0,0,0,0,0,0 Latin 23 0 23 N	# N [4e ]A
O 5 0,255,0,255,0,0,0,0,0,0 Latin 24 0 24 O	# O [4f ]A
P 5 0,255,0,255,0,0,0,0,0,0 Latin 25 0 25 P	# P [50 ]A
Q 5 0,255,0,255,0,0,0,0,0,0 Latin 26 0 26 Q	# Q [51 ]A
R 5 0,255,0,255,0,0,0,0,0,0 Latin 27 0 27 R	# R [52 ]A
S 5 0,255,0,255,0,0,0,0,0,0 Latin 28 0 28 S	# S [53 ]A
T 5 0,255,0,255,0,0,0,0,0,0 Latin 29 0 29 T	# T [54 ]A
U 5 0,255,0,255,0,0,0,0,0,0 Latin 30 0 30 U	# U [55 ]A
V 5 0,255,0,255,0,0,0,0,0,0 Latin 31 0 31 V	# V [56 ]A
W 5 0,255,0,255,0,0,0,0,0,0 Latin 32 0 32 W	# W [57 ]A
X 5 0,255,0,255,0,0,0,0,0,0 Latin 33 0 33 X	# X [58 ]A
Y 5 0,255,0,255,0,0,0,0,0,0 Latin 34 0 34 Y	# Y [59 ]A
Z 5 0,255,0,255,0,0,0,0,0,0 Latin 35 0 35 Z	# Z [5a ]A
0 8 0,255,0,255,0,0,0,0,0,0 Common 36 2 36 0	# 0 [30 ]0
1 8 0,255,0,255,0,0,0,0,0,0 Common 37 2 37 1	# 1 [31 ]0
5 8 0,255,0,255,0,0,0,0,0,0 Common 38 2 38 5	# 5 [35 ]0
6 8 0,255,0,255,0,0,0,0,0,0 Common 39 2 39 6	# 6 [36 ]0
9 8 0,255,0,255,0,0,0,0,0,0 Common 40 2 40 9	# 9 [39 ]0
a 3 0,255,0,255,0,0,0,0,0,0 Latin 14 0 41 a	# a [61 ]a
